cohort	endgame	win ratio	draw ratio	loss ratio	total games
600-700	KBBBK_1200	0.00000000000000000000	1.00000000000000000000	0.00000000000000000000	1
1100-1200	KBBBK_1200	0.00000000000000000000	1.00000000000000000000	0.00000000000000000000	1
1800-1900	KBBBK_1200	0.00000000000000000000	1.00000000000000000000	0.00000000000000000000	1
1500-1600	KBBBK_1200	1.00000000000000000000	0.00000000000000000000	0.00000000000000000000	1
0-300	KBBBK_1200	0.50000000000000000000	0.50000000000000000000	0.00000000000000000000	2
1400-1500	KBBBK_2100	1.00000000000000000000	0.00000000000000000000	0.00000000000000000000	1
0-300	KBBK_0200	0.00000000000000000000	1.00000000000000000000	0.00000000000000000000	1
400-500	KBBK_1100	0.50000000000000000000	0.50000000000000000000	0.00000000000000000000	2
1100-1200	KBBK_1100	0.11111111111111111111	0.88888888888888888889	0.00000000000000000000	9
1700-1800	KBBK_1100	0.00000000000000000000	1.00000000000000000000	0.00000000000000000000	2
2000-2100	KBBK_1100	1.00000000000000000000	0.00000000000000000000	0.00000000000000000000	1
800-900	KBBK_1100	0.42857142857142857143	0.57142857142857142857	0.00000000000000000000	7
1000-1100	KBBK_1100	0.57142857142857142857	0.42857142857142857143	0.00000000000000000000	7
1500-1600	KBBK_1100	0.77777777777777777778	0.22222222222222222222	0.00000000000000000000	9
1900-2000	KBBK_1100	0.75000000000000000000	0.25000000000000000000	0.00000000000000000000	4
1300-1400	KBBK_1100	0.16666666666666666667	0.83333333333333333333	0.00000000000000000000	6
2300-2400	KBBK_1100	1.00000000000000000000	0.00000000000000000000	0.00000000000000000000	1
1600-1700	KBBK_1100	0.50000000000000000000	0.50000000000000000000	0.00000000000000000000	2
900-1000	KBBK_1100	1.00000000000000000000	0.00000000000000000000	0.00000000000000000000	1
600-700	KBBK_1100	0.00000000000000000000	1.00000000000000000000	0.00000000000000000000	3
1400-1500	KBBK_1100	0.10000000000000000000	0.90000000000000000000	0.00000000000000000000	10
0-300	KBBK_1100	0.33333333333333333333	0.66666666666666666667	0.00000000000000000000	6
2400+	KBBK_1100	1.00000000000000000000	0.00000000000000000000	0.00000000000000000000	1
700-800	KBBK_1100	0.00000000000000000000	1.00000000000000000000	0.00000000000000000000	1
1800-1900	KBBK_1100	0.60000000000000000000	0.40000000000000000000	0.00000000000000000000	5
1200-1300	KBBK_1100	0.50000000000000000000	0.50000000000000000000	0.00000000000000000000	10
2200-2300	KBBK_1100	1.00000000000000000000	0.00000000000000000000	0.00000000000000000000	2
300-400	KBBK_1100	0.00000000000000000000	1.00000000000000000000	0.00000000000000000000	1
500-600	KBBK_1100	0.00000000000000000000	1.00000000000000000000	0.00000000000000000000	2
1400-1500	KBBKB_1101	0.50000000000000000000	0.00000000000000000000	0.50000000000000000000	4
2300-2400	KBBKB_1101	1.00000000000000000000	0.00000000000000000000	0.00000000000000000000	1
1200-1300	KBBKB_1101	0.00000000000000000000	1.00000000000000000000	0.00000000000000000000	1
600-700	KBBKB_1101	0.00000000000000000000	1.00000000000000000000	0.00000000000000000000	1
1700-1800	KBBKB_1101	0.50000000000000000000	0.00000000000000000000	0.50000000000000000000	2
1100-1200	KBBKB_1101	0.00000000000000000000	0.50000000000000000000	0.50000000000000000000	2
900-1000	KBBKB_1101	1.00000000000000000000	0.00000000000000000000	0.00000000000000000000	1
1300-1400	KBBKB_1101	0.00000000000000000000	1.00000000000000000000	0.00000000000000000000	1
1500-1600	KBBKB_1101	0.00000000000000000000	1.00000000000000000000	0.00000000000000000000	2
0-300	KBBKB_1101	0.00000000000000000000	1.00000000000000000000	0.00000000000000000000	1
1800-1900	KBBKB_1110	1.00000000000000000000	0.00000000000000000000	0.00000000000000000000	1
600-700	KBBKB_1110	0.00000000000000000000	1.00000000000000000000	0.00000000000000000000	1
400-500	KBBKB_1110	0.00000000000000000000	1.00000000000000000000	0.00000000000000000000	1
1500-1600	KBBKB_1110	0.50000000000000000000	0.50000000000000000000	0.00000000000000000000	2
300-400	KBBKB_1110	0.00000000000000000000	1.00000000000000000000	0.00000000000000000000	1
1000-1100	KBBKB_1110	0.00000000000000000000	1.00000000000000000000	0.00000000000000000000	1
1300-1400	KBBKB_1110	0.00000000000000000000	1.00000000000000000000	0.00000000000000000000	1
1400-1500	KBBKB_1110	0.00000000000000000000	1.00000000000000000000	0.00000000000000000000	1
2000-2100	KBBKN_1100	0.00000000000000000000	1.00000000000000000000	0.00000000000000000000	1
0-300	KBBKN_1100	0.00000000000000000000	1.00000000000000000000	0.00000000000000000000	1
2200-2300	KBBKN_1100	1.00000000000000000000	0.00000000000000000000	0.00000000000000000000	1
1000-1100	KBBKN_1100	1.00000000000000000000	0.00000000000000000000	0.00000000000000000000	1
1200-1300	KBBKN_1100	1.00000000000000000000	0.00000000000000000000	0.00000000000000000000	3
600-700	KBBKN_1100	0.00000000000000000000	1.00000000000000000000	0.00000000000000000000	2
1600-1700	KBBKN_1100	0.00000000000000000000	1.00000000000000000000	0.00000000000000000000	1
1300-1400	KBBKN_1100	0.00000000000000000000	0.50000000000000000000	0.50000000000000000000	2
1900-2000	KBBKN_1100	1.00000000000000000000	0.00000000000000000000	0.00000000000000000000	1
700-800	KBBKP_1100	0.00000000000000000000	1.00000000000000000000	0.00000000000000000000	3
2400+	KBBKP_1100	1.00000000000000000000	0.00000000000000000000	0.00000000000000000000	1
1400-1500	KBBKP_1100	0.00000000000000000000	1.00000000000000000000	0.00000000000000000000	6
1900-2000	KBBKP_1100	0.60000000000000000000	0.40000000000000000000	0.00000000000000000000	5
0-300	KBBKP_1100	0.50000000000000000000	0.50000000000000000000	0.00000000000000000000	4
2200-2300	KBBKP_1100	1.00000000000000000000	0.00000000000000000000	0.00000000000000000000	2
1500-1600	KBBKP_1100	0.77777777777777777778	0.22222222222222222222	0.00000000000000000000	9
1800-1900	KBBKP_1100	0.80000000000000000000	0.20000000000000000000	0.00000000000000000000	5
400-500	KBBKP_1100	0.00000000000000000000	1.00000000000000000000	0.00000000000000000000	1
500-600	KBBKP_1100	0.00000000000000000000	0.50000000000000000000	0.50000000000000000000	2
1100-1200	KBBKP_1100	0.00000000000000000000	1.00000000000000000000	0.00000000000000000000	4
1700-1800	KBBKP_1100	0.00000000000000000000	1.00000000000000000000	0.00000000000000000000	2
800-900	KBBKP_1100	0.50000000000000000000	0.50000000000000000000	0.00000000000000000000	2
2000-2100	KBBKP_1100	1.00000000000000000000	0.00000000000000000000	0.00000000000000000000	1
300-400	KBBKP_1100	0.00000000000000000000	1.00000000000000000000	0.00000000000000000000	1
1000-1100	KBBKP_1100	0.33333333333333333333	0.66666666666666666667	0.00000000000000000000	3
900-1000	KBBKP_1100	0.00000000000000000000	1.00000000000000000000	0.00000000000000000000	1
1200-1300	KBBKP_1100	0.42857142857142857143	0.57142857142857142857	0.00000000000000000000	7
1300-1400	KBBKP_1100	0.25000000000000000000	0.75000000000000000000	0.00000000000000000000	4
1200-1300	KBBKQ_1100	0.00000000000000000000	1.00000000000000000000	0.00000000000000000000	1
600-700	KBBKQ_1100	0.00000000000000000000	0.00000000000000000000	1.00000000000000000000	1
2000-2100	KBBKQ_1100	1.00000000000000000000	0.00000000000000000000	0.00000000000000000000	1
1500-1600	KBBKQ_1100	0.00000000000000000000	0.00000000000000000000	1.00000000000000000000	2
300-400	KBBKQ_1100	0.00000000000000000000	0.00000000000000000000	1.00000000000000000000	1
1400-1500	KBBKR_1100	0.00000000000000000000	1.00000000000000000000	0.00000000000000000000	3
1500-1600	KBBKR_1100	0.00000000000000000000	1.00000000000000000000	0.00000000000000000000	2
1100-1200	KBBKR_1100	0.00000000000000000000	1.00000000000000000000	0.00000000000000000000	2
500-600	KBBKR_1100	0.00000000000000000000	0.00000000000000000000	1.00000000000000000000	2
1000-1100	KBBKR_1100	0.00000000000000000000	0.00000000000000000000	1.00000000000000000000	1
900-1000	KBBKR_1100	0.00000000000000000000	0.00000000000000000000	1.00000000000000000000	1
800-900	KBBKR_1100	1.00000000000000000000	0.00000000000000000000	0.00000000000000000000	1
2100-2200	KBBKR_1100	0.00000000000000000000	1.00000000000000000000	0.00000000000000000000	1
600-700	KBBKR_1100	0.00000000000000000000	0.00000000000000000000	1.00000000000000000000	1
1800-1900	KBBKR_1100	0.00000000000000000000	1.00000000000000000000	0.00000000000000000000	2
0-300	KBBKR_1100	0.00000000000000000000	0.50000000000000000000	0.50000000000000000000	2
1600-1700	KBBKR_1100	0.00000000000000000000	0.00000000000000000000	1.00000000000000000000	1
2300-2400	KBBKR_1100	0.00000000000000000000	0.00000000000000000000	1.00000000000000000000	1
1300-1400	KBBNK_0200	0.00000000000000000000	1.00000000000000000000	0.00000000000000000000	1
1000-1100	KBBNK_1100	0.00000000000000000000	1.00000000000000000000	0.00000000000000000000	1
1100-1200	KBBNK_1100	0.00000000000000000000	1.00000000000000000000	0.00000000000000000000	1
0-300	KBBNK_1100	0.00000000000000000000	0.50000000000000000000	0.50000000000000000000	2
1900-2000	KBBNK_1100	0.00000000000000000000	1.00000000000000000000	0.00000000000000000000	1
1200-1300	KBBNK_1100	0.00000000000000000000	1.00000000000000000000	0.00000000000000000000	2
1500-1600	KBBNK_1100	1.00000000000000000000	0.00000000000000000000	0.00000000000000000000	1
800-900	KBBNK_1100	0.00000000000000000000	1.00000000000000000000	0.00000000000000000000	1
900-1000	KBBNK_1100	1.00000000000000000000	0.00000000000000000000	0.00000000000000000000	1
600-700	KBBNK_1100	0.00000000000000000000	1.00000000000000000000	0.00000000000000000000	1
1800-1900	KBBNK_1100	1.00000000000000000000	0.00000000000000000000	0.00000000000000000000	1
1000-1100	KBBNK_2000	0.00000000000000000000	1.00000000000000000000	0.00000000000000000000	1
800-900	KBBPK_0200	0.00000000000000000000	1.00000000000000000000	0.00000000000000000000	1
1600-1700	KBBPK_0200	0.00000000000000000000	1.00000000000000000000	0.00000000000000000000	1
600-700	KBBPK_0200	1.00000000000000000000	0.00000000000000000000	0.00000000000000000000	1
1000-1100	KBBPK_1100	0.61538461538461538462	0.38461538461538461538	0.00000000000000000000	13
2400+	KBBPK_1100	1.00000000000000000000	0.00000000000000000000	0.00000000000000000000	2
1100-1200	KBBPK_1100	0.71428571428571428571	0.28571428571428571429	0.00000000000000000000	14
900-1000	KBBPK_1100	0.86666666666666666667	0.13333333333333333333	0.00000000000000000000	15
1800-1900	KBBPK_1100	0.33333333333333333333	0.66666666666666666667	0.00000000000000000000	3
1700-1800	KBBPK_1100	0.71428571428571428571	0.28571428571428571429	0.00000000000000000000	7
300-400	KBBPK_1100	1.00000000000000000000	0.00000000000000000000	0.00000000000000000000	2
2200-2300	KBBPK_1100	1.00000000000000000000	0.00000000000000000000	0.00000000000000000000	2
1500-1600	KBBPK_1100	0.86666666666666666667	0.13333333333333333333	0.00000000000000000000	15
1300-1400	KBBPK_1100	0.54545454545454545455	0.45454545454545454545	0.00000000000000000000	11
1900-2000	KBBPK_1100	1.00000000000000000000	0.00000000000000000000	0.00000000000000000000	4
600-700	KBBPK_1100	0.71428571428571428571	0.14285714285714285714	0.14285714285714285714	7
700-800	KBBPK_1100	1.00000000000000000000	0.00000000000000000000	0.00000000000000000000	2
0-300	KBBPK_1100	0.73333333333333333333	0.26666666666666666667	0.00000000000000000000	15
2000-2100	KBBPK_1100	1.00000000000000000000	0.00000000000000000000	0.00000000000000000000	1
1200-1300	KBBPK_1100	0.66666666666666666667	0.33333333333333333333	0.00000000000000000000	9
1400-1500	KBBPK_1100	0.66666666666666666667	0.33333333333333333333	0.00000000000000000000	12
1600-1700	KBBPK_1100	0.75000000000000000000	0.25000000000000000000	0.00000000000000000000	8
500-600	KBBPK_1100	0.75000000000000000000	0.25000000000000000000	0.00000000000000000000	4
400-500	KBBPK_1100	0.85714285714285714286	0.14285714285714285714	0.00000000000000000000	7
800-900	KBBPK_1100	0.80000000000000000000	0.20000000000000000000	0.00000000000000000000	5
400-500	KBBPK_2000	1.00000000000000000000	0.00000000000000000000	0.00000000000000000000	1
600-700	KBBQK_0200	1.00000000000000000000	0.00000000000000000000	0.00000000000000000000	1
1600-1700	KBBQK_0200	0.00000000000000000000	1.00000000000000000000	0.00000000000000000000	1
2200-2300	KBBQK_1100	1.00000000000000000000	0.00000000000000000000	0.00000000000000000000	1
1500-1600	KBBQK_1100	0.75000000000000000000	0.25000000000000000000	0.00000000000000000000	8
300-400	KBBQK_1100	1.00000000000000000000	0.00000000000000000000	0.00000000000000000000	1
1800-1900	KBBQK_1100	1.00000000000000000000	0.00000000000000000000	0.00000000000000000000	1
1200-1300	KBBQK_1100	1.00000000000000000000	0.00000000000000000000	0.00000000000000000000	3
500-600	KBBQK_1100	1.00000000000000000000	0.00000000000000000000	0.00000000000000000000	3
1400-1500	KBBQK_1100	0.66666666666666666667	0.33333333333333333333	0.00000000000000000000	3
2400+	KBBQK_1100	1.00000000000000000000	0.00000000000000000000	0.00000000000000000000	1
400-500	KBBQK_1100	0.66666666666666666667	0.33333333333333333333	0.00000000000000000000	6
700-800	KBBQK_1100	1.00000000000000000000	0.00000000000000000000	0.00000000000000000000	1
1100-1200	KBBQK_1100	0.66666666666666666667	0.33333333333333333333	0.00000000000000000000	9
1900-2000	KBBQK_1100	1.00000000000000000000	0.00000000000000000000	0.00000000000000000000	3
600-700	KBBQK_1100	1.00000000000000000000	0.00000000000000000000	0.00000000000000000000	2
0-300	KBBQK_1100	0.75000000000000000000	0.25000000000000000000	0.00000000000000000000	12
1000-1100	KBBQK_1100	0.66666666666666666667	0.33333333333333333333	0.00000000000000000000	9
1700-1800	KBBQK_1100	0.75000000000000000000	0.25000000000000000000	0.00000000000000000000	4
800-900	KBBQK_1100	0.83333333333333333333	0.16666666666666666667	0.00000000000000000000	6
1600-1700	KBBQK_1100	0.66666666666666666667	0.33333333333333333333	0.00000000000000000000	3
900-1000	KBBQK_1100	0.60000000000000000000	0.40000000000000000000	0.00000000000000000000	5
1300-1400	KBBQK_1100	0.83333333333333333333	0.16666666666666666667	0.00000000000000000000	6
400-500	KBBRK_1100	1.00000000000000000000	0.00000000000000000000	0.00000000000000000000	2
0-300	KBBRK_1100	0.50000000000000000000	0.50000000000000000000	0.00000000000000000000	4
1000-1100	KBBRK_1100	1.00000000000000000000	0.00000000000000000000	0.00000000000000000000	1
600-700	KBBRK_1100	0.50000000000000000000	0.50000000000000000000	0.00000000000000000000	2
1500-1600	KBBRK_1100	1.00000000000000000000	0.00000000000000000000	0.00000000000000000000	1
900-1000	KBBRK_1100	1.00000000000000000000	0.00000000000000000000	0.00000000000000000000	4
300-400	KBBRK_1100	1.00000000000000000000	0.00000000000000000000	0.00000000000000000000	1
1200-1300	KBBRK_1100	0.00000000000000000000	1.00000000000000000000	0.00000000000000000000	2
500-600	KBBRK_1100	0.50000000000000000000	0.50000000000000000000	0.00000000000000000000	2
800-900	KBBRK_1100	1.00000000000000000000	0.00000000000000000000	0.00000000000000000000	1
1300-1400	KBBRK_1100	1.00000000000000000000	0.00000000000000000000	0.00000000000000000000	1
1100-1200	KBBRK_1100	1.00000000000000000000	0.00000000000000000000	0.00000000000000000000	2
1800-1900	KBK_0100	0.00000000000000000000	1.00000000000000000000	0.00000000000000000000	57
600-700	KBK_0100	0.00000000000000000000	1.00000000000000000000	0.00000000000000000000	46
500-600	KBK_0100	0.00000000000000000000	1.00000000000000000000	0.00000000000000000000	41
1100-1200	KBK_0100	0.00000000000000000000	1.00000000000000000000	0.00000000000000000000	139
1200-1300	KBK_0100	0.00000000000000000000	1.00000000000000000000	0.00000000000000000000	108
1900-2000	KBK_0100	0.00000000000000000000	1.00000000000000000000	0.00000000000000000000	40
1400-1500	KBK_0100	0.00000000000000000000	1.00000000000000000000	0.00000000000000000000	121
800-900	KBK_0100	0.00000000000000000000	1.00000000000000000000	0.00000000000000000000	53
1300-1400	KBK_0100	0.00000000000000000000	1.00000000000000000000	0.00000000000000000000	110
0-300	KBK_0100	0.00000000000000000000	1.00000000000000000000	0.00000000000000000000	70
1600-1700	KBK_0100	0.00000000000000000000	1.00000000000000000000	0.00000000000000000000	100
2100-2200	KBK_0100	0.00000000000000000000	1.00000000000000000000	0.00000000000000000000	17
300-400	KBK_0100	0.00000000000000000000	1.00000000000000000000	0.00000000000000000000	36
2400+	KBK_0100	0.00000000000000000000	1.00000000000000000000	0.00000000000000000000	9
400-500	KBK_0100	0.00000000000000000000	1.00000000000000000000	0.00000000000000000000	30
2300-2400	KBK_0100	0.00000000000000000000	1.00000000000000000000	0.00000000000000000000	8
1700-1800	KBK_0100	0.00000000000000000000	1.00000000000000000000	0.00000000000000000000	88
2200-2300	KBK_0100	0.00000000000000000000	1.00000000000000000000	0.00000000000000000000	7
2000-2100	KBK_0100	0.00000000000000000000	1.00000000000000000000	0.00000000000000000000	23
1000-1100	KBK_0100	0.00000000000000000000	1.00000000000000000000	0.00000000000000000000	112
700-800	KBK_0100	0.00000000000000000000	1.00000000000000000000	0.00000000000000000000	53
900-1000	KBK_0100	0.00000000000000000000	1.00000000000000000000	0.00000000000000000000	63
1500-1600	KBK_0100	0.00000000000000000000	1.00000000000000000000	0.00000000000000000000	167
400-500	KBK_1000	0.00000000000000000000	1.00000000000000000000	0.00000000000000000000	36
1200-1300	KBK_1000	0.00000000000000000000	1.00000000000000000000	0.00000000000000000000	114
1900-2000	KBK_1000	0.00000000000000000000	1.00000000000000000000	0.00000000000000000000	40
700-800	KBK_1000	0.00000000000000000000	1.00000000000000000000	0.00000000000000000000	53
2200-2300	KBK_1000	0.00000000000000000000	1.00000000000000000000	0.00000000000000000000	13
2300-2400	KBK_1000	0.00000000000000000000	1.00000000000000000000	0.00000000000000000000	6
1500-1600	KBK_1000	0.00000000000000000000	1.00000000000000000000	0.00000000000000000000	165
1400-1500	KBK_1000	0.00000000000000000000	1.00000000000000000000	0.00000000000000000000	131
1700-1800	KBK_1000	0.00000000000000000000	1.00000000000000000000	0.00000000000000000000	82
500-600	KBK_1000	0.00000000000000000000	1.00000000000000000000	0.00000000000000000000	35
2100-2200	KBK_1000	0.00000000000000000000	1.00000000000000000000	0.00000000000000000000	15
300-400	KBK_1000	0.00000000000000000000	1.00000000000000000000	0.00000000000000000000	23
1800-1900	KBK_1000	0.00000000000000000000	1.00000000000000000000	0.00000000000000000000	74
900-1000	KBK_1000	0.00000000000000000000	1.00000000000000000000	0.00000000000000000000	69
0-300	KBK_1000	0.00000000000000000000	1.00000000000000000000	0.00000000000000000000	81
2400+	KBK_1000	0.00000000000000000000	1.00000000000000000000	0.00000000000000000000	10
1300-1400	KBK_1000	0.00000000000000000000	1.00000000000000000000	0.00000000000000000000	130
800-900	KBK_1000	0.00000000000000000000	1.00000000000000000000	0.00000000000000000000	54
600-700	KBK_1000	0.00000000000000000000	1.00000000000000000000	0.00000000000000000000	58
2000-2100	KBK_1000	0.00000000000000000000	1.00000000000000000000	0.00000000000000000000	36
1100-1200	KBK_1000	0.00000000000000000000	1.00000000000000000000	0.00000000000000000000	156
1600-1700	KBK_1000	0.00000000000000000000	1.00000000000000000000	0.00000000000000000000	116
1000-1100	KBK_1000	0.00000000000000000000	1.00000000000000000000	0.00000000000000000000	128
700-800	KBKB_0101	0.00000000000000000000	1.00000000000000000000	0.00000000000000000000	5
1700-1800	KBKB_0101	0.00000000000000000000	1.00000000000000000000	0.00000000000000000000	11
900-1000	KBKB_0101	0.00000000000000000000	1.00000000000000000000	0.00000000000000000000	2
400-500	KBKB_0101	0.00000000000000000000	1.00000000000000000000	0.00000000000000000000	1
1900-2000	KBKB_0101	0.00000000000000000000	1.00000000000000000000	0.00000000000000000000	2
2000-2100	KBKB_0101	0.00000000000000000000	1.00000000000000000000	0.00000000000000000000	4
1100-1200	KBKB_0101	0.00000000000000000000	1.00000000000000000000	0.00000000000000000000	14
1000-1100	KBKB_0101	0.00000000000000000000	1.00000000000000000000	0.00000000000000000000	8
2200-2300	KBKB_0101	0.00000000000000000000	1.00000000000000000000	0.00000000000000000000	1
2100-2200	KBKB_0101	0.00000000000000000000	1.00000000000000000000	0.00000000000000000000	5
0-300	KBKB_0101	0.00000000000000000000	1.00000000000000000000	0.00000000000000000000	3
2400+	KBKB_0101	0.00000000000000000000	1.00000000000000000000	0.00000000000000000000	3
1500-1600	KBKB_0101	0.00000000000000000000	1.00000000000000000000	0.00000000000000000000	36
1600-1700	KBKB_0101	0.00000000000000000000	1.00000000000000000000	0.00000000000000000000	20
500-600	KBKB_0101	0.00000000000000000000	1.00000000000000000000	0.00000000000000000000	4
1400-1500	KBKB_0101	0.00000000000000000000	1.00000000000000000000	0.00000000000000000000	20
1200-1300	KBKB_0101	0.00000000000000000000	1.00000000000000000000	0.00000000000000000000	13
1800-1900	KBKB_0101	0.00000000000000000000	1.00000000000000000000	0.00000000000000000000	9
300-400	KBKB_0101	0.00000000000000000000	1.00000000000000000000	0.00000000000000000000	2
800-900	KBKB_0101	0.00000000000000000000	1.00000000000000000000	0.00000000000000000000	3
1300-1400	KBKB_0101	0.00000000000000000000	1.00000000000000000000	0.00000000000000000000	17
600-700	KBKB_0101	0.00000000000000000000	1.00000000000000000000	0.00000000000000000000	3
1900-2000	KBKB_0110	0.00000000000000000000	1.00000000000000000000	0.00000000000000000000	7
2400+	KBKB_0110	0.00000000000000000000	1.00000000000000000000	0.00000000000000000000	3
1500-1600	KBKB_0110	0.04000000000000000000	0.92000000000000000000	0.04000000000000000000	25
2000-2100	KBKB_0110	0.00000000000000000000	0.83333333333333333333	0.16666666666666666667	6
600-700	KBKB_0110	0.00000000000000000000	1.00000000000000000000	0.00000000000000000000	12
1300-1400	KBKB_0110	0.11111111111111111111	0.83333333333333333333	0.05555555555555555556	18
500-600	KBKB_0110	0.20000000000000000000	0.73333333333333333333	0.06666666666666666667	15
400-500	KBKB_0110	0.00000000000000000000	0.75000000000000000000	0.25000000000000000000	8
700-800	KBKB_0110	0.00000000000000000000	0.90000000000000000000	0.10000000000000000000	10
1600-1700	KBKB_0110	0.12500000000000000000	0.87500000000000000000	0.00000000000000000000	24
0-300	KBKB_0110	0.06250000000000000000	0.93750000000000000000	0.00000000000000000000	16
1100-1200	KBKB_0110	0.12000000000000000000	0.84000000000000000000	0.04000000000000000000	25
2200-2300	KBKB_0110	0.00000000000000000000	1.00000000000000000000	0.00000000000000000000	1
1700-1800	KBKB_0110	0.17647058823529411765	0.76470588235294117647	0.05882352941176470588	17
1200-1300	KBKB_0110	0.05882352941176470588	0.88235294117647058824	0.05882352941176470588	17
1800-1900	KBKB_0110	0.11111111111111111111	0.66666666666666666667	0.22222222222222222222	9
300-400	KBKB_0110	0.14285714285714285714	0.85714285714285714286	0.00000000000000000000	7
2100-2200	KBKB_0110	0.00000000000000000000	1.00000000000000000000	0.00000000000000000000	1
800-900	KBKB_0110	0.00000000000000000000	1.00000000000000000000	0.00000000000000000000	9
900-1000	KBKB_0110	0.00000000000000000000	0.90000000000000000000	0.10000000000000000000	10
1000-1100	KBKB_0110	0.00000000000000000000	0.87500000000000000000	0.12500000000000000000	24
1400-1500	KBKB_0110	0.03571428571428571429	0.96428571428571428571	0.00000000000000000000	28
800-900	KBKB_1001	0.00000000000000000000	0.71428571428571428571	0.28571428571428571429	7
2200-2300	KBKB_1001	0.00000000000000000000	1.00000000000000000000	0.00000000000000000000	1
400-500	KBKB_1001	0.12500000000000000000	0.87500000000000000000	0.00000000000000000000	8
1500-1600	KBKB_1001	0.03448275862068965517	0.93103448275862068966	0.03448275862068965517	29
1400-1500	KBKB_1001	0.13636363636363636364	0.81818181818181818182	0.04545454545454545455	22
500-600	KBKB_1001	0.00000000000000000000	1.00000000000000000000	0.00000000000000000000	5
2100-2200	KBKB_1001	0.00000000000000000000	1.00000000000000000000	0.00000000000000000000	1
600-700	KBKB_1001	0.20000000000000000000	0.80000000000000000000	0.00000000000000000000	5
0-300	KBKB_1001	0.00000000000000000000	1.00000000000000000000	0.00000000000000000000	15
1600-1700	KBKB_1001	0.15789473684210526316	0.73684210526315789474	0.10526315789473684211	19
1300-1400	KBKB_1001	0.04761904761904761905	0.90476190476190476190	0.04761904761904761905	21
2000-2100	KBKB_1001	0.00000000000000000000	0.71428571428571428571	0.28571428571428571429	7
2400+	KBKB_1001	0.00000000000000000000	1.00000000000000000000	0.00000000000000000000	2
700-800	KBKB_1001	0.06666666666666666667	0.86666666666666666667	0.06666666666666666667	15
1200-1300	KBKB_1001	0.05555555555555555556	0.91666666666666666667	0.02777777777777777778	36
1800-1900	KBKB_1001	0.00000000000000000000	0.91666666666666666667	0.08333333333333333333	12
1900-2000	KBKB_1001	0.00000000000000000000	1.00000000000000000000	0.00000000000000000000	11
1700-1800	KBKB_1001	0.00000000000000000000	0.84615384615384615385	0.15384615384615384615	13
1100-1200	KBKB_1001	0.08695652173913043478	0.82608695652173913043	0.08695652173913043478	23
300-400	KBKB_1001	0.00000000000000000000	1.00000000000000000000	0.00000000000000000000	3
900-1000	KBKB_1001	0.15384615384615384615	0.84615384615384615385	0.00000000000000000000	13
2300-2400	KBKB_1001	0.50000000000000000000	0.50000000000000000000	0.00000000000000000000	2
1000-1100	KBKB_1001	0.06896551724137931034	0.86206896551724137931	0.06896551724137931034	29
2400+	KBKB_1010	0.00000000000000000000	1.00000000000000000000	0.00000000000000000000	1
800-900	KBKB_1010	0.00000000000000000000	1.00000000000000000000	0.00000000000000000000	2
500-600	KBKB_1010	0.00000000000000000000	1.00000000000000000000	0.00000000000000000000	3
1500-1600	KBKB_1010	0.00000000000000000000	1.00000000000000000000	0.00000000000000000000	23
400-500	KBKB_1010	0.00000000000000000000	1.00000000000000000000	0.00000000000000000000	1
700-800	KBKB_1010	0.00000000000000000000	1.00000000000000000000	0.00000000000000000000	3
1200-1300	KBKB_1010	0.00000000000000000000	1.00000000000000000000	0.00000000000000000000	11
2000-2100	KBKB_1010	0.00000000000000000000	1.00000000000000000000	0.00000000000000000000	2
1600-1700	KBKB_1010	0.00000000000000000000	1.00000000000000000000	0.00000000000000000000	16
1900-2000	KBKB_1010	0.00000000000000000000	1.00000000000000000000	0.00000000000000000000	6
2100-2200	KBKB_1010	0.00000000000000000000	1.00000000000000000000	0.00000000000000000000	2
1800-1900	KBKB_1010	0.00000000000000000000	1.00000000000000000000	0.00000000000000000000	7
2200-2300	KBKB_1010	0.00000000000000000000	1.00000000000000000000	0.00000000000000000000	1
0-300	KBKB_1010	0.00000000000000000000	1.00000000000000000000	0.00000000000000000000	7
1100-1200	KBKB_1010	0.00000000000000000000	1.00000000000000000000	0.00000000000000000000	15
600-700	KBKB_1010	0.00000000000000000000	1.00000000000000000000	0.00000000000000000000	2
1700-1800	KBKB_1010	0.00000000000000000000	1.00000000000000000000	0.00000000000000000000	12
1300-1400	KBKB_1010	0.00000000000000000000	1.00000000000000000000	0.00000000000000000000	23
1000-1100	KBKB_1010	0.00000000000000000000	1.00000000000000000000	0.00000000000000000000	12
2300-2400	KBKB_1010	0.00000000000000000000	1.00000000000000000000	0.00000000000000000000	1
300-400	KBKB_1010	0.00000000000000000000	1.00000000000000000000	0.00000000000000000000	2
900-1000	KBKB_1010	0.00000000000000000000	1.00000000000000000000	0.00000000000000000000	5
1400-1500	KBKB_1010	0.00000000000000000000	1.00000000000000000000	0.00000000000000000000	14
900-1000	KBKBB_0111	0.00000000000000000000	1.00000000000000000000	0.00000000000000000000	1
0-300	KBKBB_0111	0.00000000000000000000	1.00000000000000000000	0.00000000000000000000	4
1500-1600	KBKBB_0111	0.00000000000000000000	0.50000000000000000000	0.50000000000000000000	2
1200-1300	KBKBB_0111	0.00000000000000000000	0.00000000000000000000	1.00000000000000000000	1
1600-1700	KBKBB_0111	0.00000000000000000000	1.00000000000000000000	0.00000000000000000000	1
300-400	KBKBB_0111	0.00000000000000000000	1.00000000000000000000	0.00000000000000000000	1
1800-1900	KBKBB_0111	0.00000000000000000000	1.00000000000000000000	0.00000000000000000000	1
1400-1500	KBKBB_0111	0.00000000000000000000	1.00000000000000000000	0.00000000000000000000	1
1700-1800	KBKBB_0111	0.00000000000000000000	1.00000000000000000000	0.00000000000000000000	2
1100-1200	KBKBB_0111	0.00000000000000000000	1.00000000000000000000	0.00000000000000000000	3
1300-1400	KBKBB_0111	0.00000000000000000000	1.00000000000000000000	0.00000000000000000000	2
2000-2100	KBKBB_1011	0.00000000000000000000	1.00000000000000000000	0.00000000000000000000	1
1200-1300	KBKBB_1011	0.00000000000000000000	0.50000000000000000000	0.50000000000000000000	2
0-300	KBKBB_1011	0.00000000000000000000	1.00000000000000000000	0.00000000000000000000	1
1700-1800	KBKBB_1011	0.00000000000000000000	0.00000000000000000000	1.00000000000000000000	1
900-1000	KBKBB_1011	0.00000000000000000000	0.00000000000000000000	1.00000000000000000000	1
1400-1500	KBKBB_1011	0.00000000000000000000	0.00000000000000000000	1.00000000000000000000	2
1900-2000	KBKBB_1011	0.00000000000000000000	1.00000000000000000000	0.00000000000000000000	1
1400-1500	KBKBN_0101	0.00000000000000000000	0.66666666666666666667	0.33333333333333333333	3
1100-1200	KBKBN_0101	0.00000000000000000000	1.00000000000000000000	0.00000000000000000000	1
1000-1100	KBKBN_0101	0.00000000000000000000	1.00000000000000000000	0.00000000000000000000	2
0-300	KBKBN_0101	0.00000000000000000000	1.00000000000000000000	0.00000000000000000000	1
1200-1300	KBKBN_0101	0.00000000000000000000	1.00000000000000000000	0.00000000000000000000	2
1600-1700	KBKBN_0101	0.00000000000000000000	0.00000000000000000000	1.00000000000000000000	1
1300-1400	KBKBN_0101	0.00000000000000000000	1.00000000000000000000	0.00000000000000000000	1
1100-1200	KBKBN_0110	0.50000000000000000000	0.00000000000000000000	0.50000000000000000000	2
1200-1300	KBKBN_0110	0.00000000000000000000	1.00000000000000000000	0.00000000000000000000	1
500-600	KBKBN_0110	0.00000000000000000000	1.00000000000000000000	0.00000000000000000000	1
1600-1700	KBKBN_0110	0.00000000000000000000	0.00000000000000000000	1.00000000000000000000	1
700-800	KBKBN_0110	0.00000000000000000000	0.00000000000000000000	1.00000000000000000000	1
2100-2200	KBKBN_0110	0.00000000000000000000	0.50000000000000000000	0.50000000000000000000	2
1500-1600	KBKBN_0110	0.00000000000000000000	0.66666666666666666667	0.33333333333333333333	3
0-300	KBKBN_0110	0.00000000000000000000	1.00000000000000000000	0.00000000000000000000	1
600-700	KBKBN_0110	0.00000000000000000000	1.00000000000000000000	0.00000000000000000000	1
800-900	KBKBN_0110	0.00000000000000000000	1.00000000000000000000	0.00000000000000000000	1
1100-1200	KBKBN_1001	0.00000000000000000000	0.00000000000000000000	1.00000000000000000000	1
300-400	KBKBN_1001	0.00000000000000000000	1.00000000000000000000	0.00000000000000000000	1
700-800	KBKBN_1001	0.00000000000000000000	1.00000000000000000000	0.00000000000000000000	2
0-300	KBKBN_1001	0.00000000000000000000	0.00000000000000000000	1.00000000000000000000	1
1200-1300	KBKBN_1001	0.00000000000000000000	1.00000000000000000000	0.00000000000000000000	1
1500-1600	KBKBN_1001	0.25000000000000000000	0.50000000000000000000	0.25000000000000000000	4
1900-2000	KBKBN_1001	0.00000000000000000000	1.00000000000000000000	0.00000000000000000000	2
2200-2300	KBKBN_1001	0.00000000000000000000	1.00000000000000000000	0.00000000000000000000	1
1300-1400	KBKBN_1001	0.25000000000000000000	0.50000000000000000000	0.25000000000000000000	4
1600-1700	KBKBN_1001	0.00000000000000000000	1.00000000000000000000	0.00000000000000000000	1
1000-1100	KBKBN_1001	0.50000000000000000000	0.00000000000000000000	0.50000000000000000000	2
2400+	KBKBN_1001	0.00000000000000000000	1.00000000000000000000	0.00000000000000000000	1
900-1000	KBKBN_1001	0.00000000000000000000	1.00000000000000000000	0.00000000000000000000	1
400-500	KBKBN_1001	0.00000000000000000000	1.00000000000000000000	0.00000000000000000000	1
0-300	KBKBN_1010	0.00000000000000000000	1.00000000000000000000	0.00000000000000000000	1
1200-1300	KBKBN_1010	0.00000000000000000000	1.00000000000000000000	0.00000000000000000000	1
800-900	KBKBN_1010	0.00000000000000000000	1.00000000000000000000	0.00000000000000000000	1
1500-1600	KBKBN_1010	0.50000000000000000000	0.00000000000000000000	0.50000000000000000000	2
700-800	KBKBN_1010	0.00000000000000000000	1.00000000000000000000	0.00000000000000000000	1
1600-1700	KBKBN_1010	0.00000000000000000000	1.00000000000000000000	0.00000000000000000000	1
1800-1900	KBKBP_0101	0.13333333333333333333	0.40000000000000000000	0.46666666666666666667	15
800-900	KBKBP_0101	0.00000000000000000000	0.57142857142857142857	0.42857142857142857143	7
1600-1700	KBKBP_0101	0.03571428571428571429	0.82142857142857142857	0.14285714285714285714	28
2300-2400	KBKBP_0101	0.00000000000000000000	0.00000000000000000000	1.00000000000000000000	1
1900-2000	KBKBP_0101	0.00000000000000000000	0.63636363636363636364	0.36363636363636363636	11
2200-2300	KBKBP_0101	0.00000000000000000000	0.66666666666666666667	0.33333333333333333333	6
600-700	KBKBP_0101	0.00000000000000000000	0.62500000000000000000	0.37500000000000000000	8
2000-2100	KBKBP_0101	0.00000000000000000000	0.71428571428571428571	0.28571428571428571429	7
1300-1400	KBKBP_0101	0.02941176470588235294	0.52941176470588235294	0.44117647058823529412	34
300-400	KBKBP_0101	0.00000000000000000000	0.66666666666666666667	0.33333333333333333333	3
1100-1200	KBKBP_0101	0.10344827586206896552	0.51724137931034482759	0.37931034482758620690	29
2400+	KBKBP_0101	0.00000000000000000000	1.00000000000000000000	0.00000000000000000000	2
0-300	KBKBP_0101	0.00000000000000000000	0.62500000000000000000	0.37500000000000000000	8
400-500	KBKBP_0101	0.00000000000000000000	0.40000000000000000000	0.60000000000000000000	5
2100-2200	KBKBP_0101	0.00000000000000000000	0.83333333333333333333	0.16666666666666666667	6
900-1000	KBKBP_0101	0.00000000000000000000	0.33333333333333333333	0.66666666666666666667	3
1500-1600	KBKBP_0101	0.00000000000000000000	0.70270270270270270270	0.29729729729729729730	37
1700-1800	KBKBP_0101	0.04545454545454545455	0.72727272727272727273	0.22727272727272727273	22
500-600	KBKBP_0101	0.00000000000000000000	0.80000000000000000000	0.20000000000000000000	5
1400-1500	KBKBP_0101	0.10344827586206896552	0.51724137931034482759	0.37931034482758620690	29
1000-1100	KBKBP_0101	0.05555555555555555556	0.55555555555555555556	0.38888888888888888889	18
700-800	KBKBP_0101	0.00000000000000000000	1.00000000000000000000	0.00000000000000000000	7
1200-1300	KBKBP_0101	0.03703703703703703704	0.44444444444444444444	0.51851851851851851852	27
900-1000	KBKBP_0110	0.03846153846153846154	0.69230769230769230769	0.26923076923076923077	26
1300-1400	KBKBP_0110	0.02272727272727272727	0.68181818181818181818	0.29545454545454545455	44
1900-2000	KBKBP_0110	0.00000000000000000000	0.87500000000000000000	0.12500000000000000000	8
1800-1900	KBKBP_0110	0.14285714285714285714	0.66666666666666666667	0.19047619047619047619	21
300-400	KBKBP_0110	0.21428571428571428571	0.42857142857142857143	0.35714285714285714286	14
600-700	KBKBP_0110	0.09090909090909090909	0.68181818181818181818	0.22727272727272727273	22
400-500	KBKBP_0110	0.00000000000000000000	0.42857142857142857143	0.57142857142857142857	14
500-600	KBKBP_0110	0.06666666666666666667	0.73333333333333333333	0.20000000000000000000	15
2000-2100	KBKBP_0110	0.12500000000000000000	0.62500000000000000000	0.25000000000000000000	8
2200-2300	KBKBP_0110	0.00000000000000000000	0.66666666666666666667	0.33333333333333333333	3
800-900	KBKBP_0110	0.05000000000000000000	0.70000000000000000000	0.25000000000000000000	20
700-800	KBKBP_0110	0.00000000000000000000	0.68421052631578947368	0.31578947368421052632	19
1700-1800	KBKBP_0110	0.11111111111111111111	0.62962962962962962963	0.25925925925925925926	27
1000-1100	KBKBP_0110	0.09090909090909090909	0.47727272727272727273	0.43181818181818181818	44
0-300	KBKBP_0110	0.04761904761904761905	0.66666666666666666667	0.28571428571428571429	21
1400-1500	KBKBP_0110	0.06382978723404255319	0.57446808510638297872	0.36170212765957446809	47
1600-1700	KBKBP_0110	0.15625000000000000000	0.68750000000000000000	0.15625000000000000000	32
1500-1600	KBKBP_0110	0.09756097560975609756	0.65853658536585365854	0.24390243902439024390	41
1200-1300	KBKBP_0110	0.04761904761904761905	0.59523809523809523810	0.35714285714285714286	42
1100-1200	KBKBP_0110	0.08163265306122448980	0.65306122448979591837	0.26530612244897959184	49
2100-2200	KBKBP_0110	0.00000000000000000000	1.00000000000000000000	0.00000000000000000000	3
2400+	KBKBP_0110	0.00000000000000000000	1.00000000000000000000	0.00000000000000000000	2
1100-1200	KBKBP_1001	0.07407407407407407407	0.57407407407407407407	0.35185185185185185185	54
800-900	KBKBP_1001	0.03703703703703703704	0.66666666666666666667	0.29629629629629629630	27
900-1000	KBKBP_1001	0.07692307692307692308	0.57692307692307692308	0.34615384615384615385	26
2300-2400	KBKBP_1001	0.33333333333333333333	0.00000000000000000000	0.66666666666666666667	3
1600-1700	KBKBP_1001	0.10526315789473684211	0.55263157894736842105	0.34210526315789473684	38
1000-1100	KBKBP_1001	0.07936507936507936508	0.63492063492063492063	0.28571428571428571429	63
1500-1600	KBKBP_1001	0.19230769230769230769	0.55769230769230769231	0.25000000000000000000	52
2400+	KBKBP_1001	0.00000000000000000000	1.00000000000000000000	0.00000000000000000000	2
2200-2300	KBKBP_1001	0.20000000000000000000	0.00000000000000000000	0.80000000000000000000	5
300-400	KBKBP_1001	0.00000000000000000000	1.00000000000000000000	0.00000000000000000000	6
1300-1400	KBKBP_1001	0.10526315789473684211	0.64912280701754385965	0.24561403508771929825	57
1900-2000	KBKBP_1001	0.08333333333333333333	0.91666666666666666667	0.00000000000000000000	12
2100-2200	KBKBP_1001	0.00000000000000000000	0.85714285714285714286	0.14285714285714285714	7
500-600	KBKBP_1001	0.12500000000000000000	0.87500000000000000000	0.00000000000000000000	8
400-500	KBKBP_1001	0.00000000000000000000	0.76923076923076923077	0.23076923076923076923	13
1200-1300	KBKBP_1001	0.07547169811320754717	0.69811320754716981132	0.22641509433962264151	53
1800-1900	KBKBP_1001	0.05555555555555555556	0.55555555555555555556	0.38888888888888888889	18
1700-1800	KBKBP_1001	0.06666666666666666667	0.66666666666666666667	0.26666666666666666667	30
700-800	KBKBP_1001	0.21739130434782608696	0.34782608695652173913	0.43478260869565217391	23
0-300	KBKBP_1001	0.06666666666666666667	0.53333333333333333333	0.40000000000000000000	15
1400-1500	KBKBP_1001	0.10416666666666666667	0.56250000000000000000	0.33333333333333333333	48
2000-2100	KBKBP_1001	0.00000000000000000000	0.87500000000000000000	0.12500000000000000000	8
600-700	KBKBP_1001	0.12500000000000000000	0.37500000000000000000	0.50000000000000000000	16
500-600	KBKBP_1010	0.00000000000000000000	1.00000000000000000000	0.00000000000000000000	1
2200-2300	KBKBP_1010	0.00000000000000000000	1.00000000000000000000	0.00000000000000000000	2
900-1000	KBKBP_1010	0.00000000000000000000	0.57142857142857142857	0.42857142857142857143	7
400-500	KBKBP_1010	0.00000000000000000000	0.00000000000000000000	1.00000000000000000000	1
0-300	KBKBP_1010	0.00000000000000000000	0.50000000000000000000	0.50000000000000000000	4
2000-2100	KBKBP_1010	0.00000000000000000000	0.80000000000000000000	0.20000000000000000000	5
300-400	KBKBP_1010	0.00000000000000000000	1.00000000000000000000	0.00000000000000000000	2
1000-1100	KBKBP_1010	0.07407407407407407407	0.66666666666666666667	0.25925925925925925926	27
2300-2400	KBKBP_1010	0.00000000000000000000	1.00000000000000000000	0.00000000000000000000	1
1900-2000	KBKBP_1010	0.00000000000000000000	0.93333333333333333333	0.06666666666666666667	15
1800-1900	KBKBP_1010	0.08000000000000000000	0.52000000000000000000	0.40000000000000000000	25
1700-1800	KBKBP_1010	0.12500000000000000000	0.50000000000000000000	0.37500000000000000000	32
700-800	KBKBP_1010	0.00000000000000000000	0.62500000000000000000	0.37500000000000000000	8
1500-1600	KBKBP_1010	0.10526315789473684211	0.57894736842105263158	0.31578947368421052632	57
1400-1500	KBKBP_1010	0.00000000000000000000	0.60000000000000000000	0.40000000000000000000	40
1200-1300	KBKBP_1010	0.00000000000000000000	0.65384615384615384615	0.34615384615384615385	26
